(1, 273)
(1, 128)
(1, 61)
(1, 117)
(1, 203)
(1, 47)
(1, 146)
(1, 115)
(1, 88)
(1, 259)
(1, 87)
(1, 123)
(1, 216)
(1, 83)
(2, 78)
(2, 71)
(1, 153)
(1, 183)
(1, 173)
(1, 239)
(1, 199)
(1, 138)
(1, 249)
(2, 82)
(1, 13)
(1, 59)
(1, 50)
(1, 168)
(1, 9)
(2, 24)
(1, 75)
(1, 287)
(2, 21)
(1, 155)
(1, 30)
(1, 236)
(1, 99)
(1, 35)
(1, 142)
(2, 1)
(1, 114)
(1, 165)
(1, 64)
(1, 33)
(2, 26)
(1, 227)
(1, 86)
(2, 92)
(2, 63)
(1, 144)
(1, 270)
(1, 164)
(2, 64)
(2, 93)
(1, 67)
(1, 112)
(1, 178)
(1, 265)
(2, 98)
(1, 159)
(1, 140)
(1, 78)
(1, 233)
(1, 206)
(2, 65)
(1, 85)
(1, 34)
(1, 215)
(1, 271)
(1, 231)
(1, 42)
(1, 272)
(1, 36)
(2, 35)
(1, 41)
(1, 28)
(1, 71)
(1, 226)
(1, 209)
(1, 124)
(1, 295)
(2, 47)
(1, 181)
(2, 28)
(1, 237)
(2, 94)
(1, 177)
(2, 87)
(2, 25)
(1, 224)
(1, 150)
(1, 57)
(1, 108)
(1, 154)
(1, 17)
(2, 55)
(1, 262)
(1, 29)
(1, 95)
(1, 281)
(1, 161)
(1, 282)
(1, 169)
(1, 288)
(2, 27)
(1, 62)
(1, 212)
(1, 89)
(2, 50)
(1, 96)
(1, 299)
(1, 52)
(1, 5)
(1, 296)
(2, 11)
(2, 41)
(1, 196)
(2, 100)
(1, 130)
(1, 204)
(1, 23)
(2, 23)
(1, 179)
(1, 125)
(2, 39)
(1, 132)
(1, 106)
(1, 217)
(1, 58)
(1, 220)
(1, 221)
(1, 20)
(1, 102)
(1, 152)
(2, 51)
(1, 176)
(1, 15)
(1, 37)
(1, 192)
(2, 42)
(1, 284)
(1, 244)
(2, 16)
(1, 279)
(1, 4)
(1, 79)
(1, 70)
(1, 120)
(1, 186)
(2, 37)
(1, 180)
(1, 293)
(1, 103)
(1, 76)
(1, 250)
(2, 97)
(1, 72)
(1, 280)
(1, 121)
(1, 300)
(1, 269)
(1, 40)
(1, 256)
(1, 109)
(1, 175)
(1, 189)
(1, 104)
(1, 139)
(2, 59)
(1, 56)
(2, 9)
(1, 111)
(1, 297)
(1, 129)
(1, 44)
(1, 39)
(1, 194)
(1, 12)
(1, 69)
(1, 166)
(2, 91)
(1, 46)
(1, 261)
(1, 242)
(1, 3)
(1, 170)
(2, 45)
(1, 285)
(1, 14)
(1, 133)
(1, 191)
(2, 60)
(2, 31)
(1, 101)
(1, 84)
(1, 80)
(1, 232)
(2, 44)
(1, 43)
(1, 21)
(1, 118)
(1, 211)
(1, 201)
(2, 5)
(1, 156)
(1, 172)
(1, 187)
(2, 69)
(1, 100)
(1, 135)
(1, 7)
(1, 65)
(1, 238)
(2, 62)
(1, 214)
(1, 107)
(2, 43)
(1, 252)
(1, 223)
(1, 157)
(1, 126)
(1, 184)
(1, 266)
(1, 98)
(1, 218)
(1, 53)
(1, 268)
(2, 40)
(1, 264)
(1, 92)
(2, 15)
(1, 2)
(1, 162)
(1, 174)
(1, 234)
(1, 241)
(2, 56)
(1, 1)
(1, 240)
(1, 260)
(1, 158)
(1, 63)
(1, 26)
(1, 73)
(2, 6)
(1, 141)
(1, 97)
(1, 248)
(2, 77)
(1, 202)
(1, 198)
(2, 13)
(2, 2)
(1, 160)
(1, 229)
(1, 119)
(1, 105)
(1, 171)
(1, 245)
(1, 55)
(1, 219)
(2, 53)
(1, 163)
(1, 49)
(1, 8)
(1, 255)
(1, 6)
(1, 60)
(1, 289)
(1, 82)
(2, 54)
(2, 86)
(1, 137)
(1, 190)
(1, 94)
(1, 208)
(1, 205)
(1, 16)
(2, 89)
(1, 19)
(2, 73)
(1, 188)
(1, 253)
(1, 66)
(1, 278)
(1, 27)
(1, 263)
(2, 67)
(1, 25)
(2, 30)
(1, 113)
(2, 99)
(1, 24)
(1, 11)
(1, 276)
(1, 90)
(2, 7)
(1, 290)
(2, 18)
(1, 251)
(1, 143)
(1, 200)
(1, 246)
(2, 8)
(1, 298)
(1, 257)
(1, 195)
(1, 225)
(2, 90)
(1, 54)
(2, 57)
(1, 74)
(1, 127)
(1, 277)
(1, 145)
(2, 74)
(2, 88)
(2, 38)
(1, 182)
(1, 275)
(1, 294)
(1, 77)
(2, 96)
(1, 254)
(1, 32)
(2, 3)
(2, 85)
(1, 291)
(1, 48)
(2, 34)
(1, 247)
(1, 122)
(1, 51)
(1, 167)
(2, 19)
(2, 83)
(2, 95)
(1, 292)
(2, 76)
(2, 17)
(1, 38)
(1, 213)
(1, 147)
(1, 235)
(2, 20)
(2, 72)
(1, 18)
(1, 243)
(1, 286)
(2, 58)
(1, 283)
(1, 45)
(1, 230)
(1, 148)
(1, 193)
(1, 131)
(2, 84)
(1, 267)
(2, 29)
(2, 80)
(1, 207)
(2, 10)
(1, 10)
(1, 274)
(2, 12)
(2, 46)
(1, 197)
(2, 33)
(2, 75)
(1, 210)
(1, 134)
(2, 32)
(1, 91)
(1, 151)
(1, 81)
(1, 22)
(1, 68)
(1, 116)
(2, 79)
(1, 258)
(1, 110)
(1, 93)
(1, 31)
(1, 228)
(1, 136)
(2, 52)
(2, 66)
(1, 222)
(2, 48)
(1, 185)
(2, 49)
(2, 22)
(2, 68)
(2, 14)
(2, 4)
(2, 70)
(2, 81)
(1, 149)
(2, 61)
(2, 36)
